1.68
123.68
1.4
1.62
2.08
1.1
4.56
6.94
1
2.62
22.22
1.48
3.63
1.53
7.67
2.44
27.5
8.09
1.27
2.06
4.85
4.66
1.19
10.33
2.76
1.69
1.62
1.06
3.35
1.38
1.2
1.3
3.4
3.97
1.17
1.55
5.94
2.19
1.05
3.85
1
1
2.14
8.59
1.47
1.01
6.02
2.32
1.47
2.23
3.55
1.17
1.42
3.47
1.16
2.07
9.12
1.36
1
3.56
1.23
7.3
7.68
10.93
2.89
1.73
2.43
4.94
1.33
1.2
1.38
8.34
1.18
2.23
3.7
1.07
3.76
37.35
1.3
1.6
11.99
1.57
10.89
35.19
1.57
9.68
1
1.77
1.32
1.1
31.21
1.04
3.17
1.01
1.34
12.94
1.2
1.98
2.29
18.77
2.38
1.35
4.36
4.03
1
1.21
7.54
1.1
2.93
2.37
3.08
3.4
1.49
1.96
4.36
1.88
1.11
1.15
1.12
1.04
19.57
1.08
10.23
2
2.15
7.25
1.02
1.22
7.01
1.83
1.78
1.12
6.85
2.22
2.14
9.7
3.2
2.02
12.43
1.71
7.71
2.02
5.21
1.71
5.53
2.43
1.26
2.95
1.12
3.43
3.39
2.28
2.01
9.99
1.34
1.01
1.1
1.07
1.09
7.97
1.83
1.09
2.06
3.07
1.16
1.11
1.59
3.08
3.36
1
1.34
1.35
1.26
5.26
13.31
1.87
1.82
6.06
1.6
1.12
4.91
8.51
2.79
1.15
1.6
1.01
3.62
1.05
1.64
1.15
1.07
1.58
5.75
1.1
1.16
3.06
1.7
5.05
3.74
1.08
1.1
2.18
1.11
1.94
1.22
1.16
1.18
1.9
1.07
50.42
1.21
2.54
3.36
2.59
2.25
1.39
1.84
2.44
2.69
5.07
1.43
2.11
1.73
1.02
1.83
3.37
3.17
1.23
1.47
1.76
1.03
4.85
1.85
8.8
2.41
5.89
9.66
1
2.2
2.35
2.52
1.04
2.26
1.93
1
1.05
13.34
2.26
1.3
1.31
1.05
19.64
2.71
3.09
1.21
1.03
1.52
3.22
1.99
1.53
1.32
17.71
1.79
1.68
3.6
2.08
1.47
38.55
1.63
1.79
1.02
2.34
1.77
1.09
1.24
1
2.83
1.12
2.06
1.03
1.25
2.12
5
1.26
5.25
1.16
7.57
74.07
2.04
3.08
2.12
2.07
1.62
14.58
5.38
10.63
1
1.28
1
4.4
1.27
15.16
5.29
6.56
1.94
2.28
1.48
1.26
59.56
4.29
1.12
2.09
3.5
1.16
1.89
1.59
1.12
1.96
1.43
1.5
2.52
1.11
13.51
1.45
1.59
1.1
4.69
3.21
2.39
1.21
982.41
1.14
2.12
8.77
2.76
4.17
1.06
11.77
1.19
1.23
4.02
1.95
49.01
2.49
1.49
1.03
1.63
1.79
6.71
1
9.6
6
2.41
4.09
1.79
1.41
31.92
1
1.07
2.02
1
3.14
8.5
1.08
1.36
1.11
32.33
1.87
4.7
2.01
1.3
1.48
1.12
1.24
2.87
3.49
2.42
1.12
1.1
1
2.78
4.08
1
3.1
1.01
1.15
1.97
1.22
1.05
1.21
1.18
5.45
6.23
3.55
3.27
1.07
1.03
2.19
1
3.9
1.3
1.85
2.6
1.05
1.73
4.83
53.25
6.14
2.55
3.15
1.17
2.29
1.78
1.27
2.38
1.15
2.95
1.73
5.05
2.72
1.78
1.16
1.81
8.21
2.37
1.82
5.43
6.39
1.83
1.41
1.23
1.04
2.84
3.11
2.61
1.09
1.33
3.52
2.79
1.36
1.46
4.04
1.18
7.16
7.18
1.52
1.18
1.36
1.92
1
1.16
1.94
1.08
1.69
1.11
1
3.96
1.73
1.28
1.42
14.06
1.05
1.25
9.25
3.43
2.44
1.88
4.45
39.46
8.4
1.8
1.5
15.53
2.58
3.29
10.57
9.07
2.62
1.24
3.05
1.16
1.53
5.29
2.64
19.98
1.17
1.19
2.66
1.17
1.55
1.24
1.13
7.75
1.41
1.01
15.89
1
2.21
4.36
33.28
1.03
2.74
6.97
1.69
2.65
1.31
1.64
3.72
1.53
2.43
1.49
94.8
1.33
7.96
2.34
1.35
10.28
1.59
2.5
1.3
4.89
130.14
1.77
1.53
1.89
1.45
1.11
1.26
5.45
1.78
1.69
3.94
1.46
3.26
1
7.43
11.5
1.95
4.5
1.1
1.12
5.22
1.63
3.44
26.99
1.09
1.2
1.12
1.19
9.92
1.29
1.7
1.79
1.2
9.84
32.28
1.35
1.03
1.39
1.98
2.04
9.55
1.04
1.34
1.08
2.63
6.73
3.44
1.12
2.86
1
7.65
3.6
20.15
6.77
4.41
1.37
1.43
1.04
1.19
5.2
1.92
1.57
6.57
1.15
2.82
1.97
20
2.23
1.04
7
3.37
40.63
1.08
4.95
9.21
2.1
34.53
4.52
5.86
1
1.86
3.32
1.54
2.25
1.86
2.38
1.09
1.7
1.84
1.87
1.46
1.19
2.29
1.49
2.45
2.04
2.08
1.68
6.2
2.2
2.08
2.16
2.67
1.66
3.58
3.61
6.82
28.01
1.58
1.04
10.71
1.01
1.9
1.99
1.3
3.01
2.79
4.15
2.02
7.63
3.68
1.89
1.25
3.94
1.12
1.71
5.59
1.97
1.47
4.96
4.54
1.99
1.94
1.97
16.93
1.79
2.08
2.56
1.02
1
4.24
1.69
1.18
1.14
4.9
1.91
1.69
2.08
1.96
10.35
4.9
6.77
6.38
2.69
1.02
3.95
5.04
1.03
1.86
2.36
1.09
7.93
27.91
2.74
1.9
1.09
8.77
1.94
1.41
10.63
1.53
211
1.97
1.1
3.02
2.76
1.23
2.12
37.16
1.04
2.91
2.12
1.09
49.45
1.31
7.54
1.32
2.35
3.97
1.54
2.16
354.1
3.01
2.44
1.93
2.53
13.83
1.51
13.76
1
9.21
2.9
3.15
1.22
1.07
1.93
2.23
1.61
2.01
12.3
2.65
1.28
17.11
4.94
1.15
1.6
9.7
11.21
1.85
448.91
10.18
1.19
1.26
2.3
4.05
1.87
1.82
2.18
1.5
1.84
2.57
1.18
1.07
1.06
6.43
2.49
1.37
4.26
5.6
4.48
1.18
1
1.01
1.74
1.6
1.7
2.4
1.12
5.46
4.85
1.21
1.52
1.1
2.06
3.23
1.3
2.27
1.68
1
6.82
7.64
5.08
1.2
2.94
1.8
2.01
1.08
2.66
1.06
8.68
3.22
2.55
4.9
1.03
7.94
3.22
2.21
1.52
2.09
1
3.02
2.78
1
3.47
1.69
1.72
1.67
3.42
1.15
1.8
6.26
1.26
1.69
29.43
1.9
1.92
20.07
1
10
1.54
1.52
2.41
60.39
2.36
58.93
14.73
1.08
12.97
6.77
1.01
1.17
1
1.03
9.26
10.39
4.23
3.5
4.29
1.15
2.99
3.78
1.52
1.55
1.1
2.42
1.15
2.25
20.35
1.03
2.36
2.25
2.07
2.08
2.09
1.21
2.61
2.07
1.81
1.29
1.46
11.57
1.75
10.79
1.48
1.89
1.38
1.19
4.4
1.54
1.09
1.61
1.47
1.21
5.11
1.04
4.7
50.78
1.18
1.14
17.97
2.56
2.17
1.1
2.87
5.52
1.41
1.53
11.29
1.39
1.52
1.09
1.43
2.09
5.94
2.83
2.21
2.25
19.98
1.37
1.24
2.19
1.86
8.76
2.33
1.33
1.79
1.35
1.13
1.74
1.45
2.37
9.31
1.6
1.59
1
1.28
1.12
1.36
2.82
4.97
1.86
1.89
11.27
10.3
2.05
2.37
1.23
1.11
1.73
1.13
1.01
5.94
190.11
1.57
5.55
1.23
1.37
1.02
2.32
1.13
1.84
1
2.11
4.28
1.92
2.26
4.1
1.9
4.52
1.31
3.42
6.25
1.17
6.24
11.36
34.16
19.43
2.04
1.16
1.6
3.68
4.12
5.61
13.57
1.01
8.58
2.77
3.28
2.33
6.29
1.53
14.83
8.33
3.56
1.37
1
1.02
1.17
1.04
1.99
1.67
10.54
1
1.35
1.04
1.18
1.16
1
1.81
1.21
2.35
1.07
2.44
1.49
4.86
5.87
3.23
2.52
1.53
1.65
7.86
3.24
2.13
1.06
6.29
1.79
2.27
1.61
1.92
2.83
1.66
2.68
1.2
1.22
1
1.08
1.41
1.03
4.96
1.3
4.93
6.93
2.54
1.07
1.05
1.28
1.78
1.06
1.37
2.95
3.26
1.1
5.74
1
2.16
1.25
1.49
1.61
1.38
1.09
1.94
1.02
1
6.92
31.2
1.66
1.08
1.05
1.73
6.74
1
1.89
4.76
1.76
7.83
7.12
1.44
1.42
27.41
2.65
1.48
1.82
20.94
4.97
16.57
4
5.38
1.26
1.97
4.85
1.27
3.55
2.99
1.99
58.48
85.23
1.46
1.91
2.19
1.18
3.45
1.64
1.91
1.62
1.11
10.15
1.16
1.11
2.92
1.63
1.47
1.74
1.61
1.39
1.28
1.85
4.78
1.69
4.92
2.28
1.01
2.01
1.27
1.13
4.66
6.84
6.13
1.05
3.28
1.84
1
1.74
1.88
3.15
24.86
1.35
14.77
1.21
3.19
1.1
1.22
1
1.37
1.8
1.91
1.6
1.75
5.11
2.97
1.85
1.63
3.63
1.79
20.51
1
1.44
1.14
3.42
9.72
1.53
2.85
3.36
1.26
1
1.35
7.2
1.78
1.31
2.37
1.05
1.79
2.13
22.82
6.7
1
1.95
4.65
1
1.16
3.31
1.89
13.98
7.11
12.52
1.39
42.85
8.26
2.51
2.03
8.69
1.08
3.41
1.02
1.01
2.76
1.2
31.85
1.15
6.66
3.08
4.49
3.15
1.02
3.8
2.08
1.25
1.58
8.58
3.35
1.81
2.3
1.31
1.17
2.13
1.39
1.56
6.45
1.01
1.9
1.82
1.87
23.03
1.31
5.35
2.07
1.93
3.33
1.43
1.26
1.04
2.89
1.43
2.63
1.04
2.93
11.97
1.32
3.02
2.86
17
2.65
2.02
5.52
1
4.92
1.4
1.23
4.04
1.61
1
1.15
2.39
1.77
1.24
1.71
15.12
2.53
2.18
1.04
3.82
1.45
1.68
1.01
2.84
2.2
32.72
6.96
12.77
1
1.37
9.25
7.73
1.04
1.43
1.11
14.54
1.17
3.5
1.54
2.67
2.52
25
1.48
2.14
1.61
3.27
1.47
1.29
2.91
9.38
1.86
47.25
31.42
2.1
1.75
2.61
27.44
6.37
3.55
1.81
1.2
1.1
2.1
8.38
2.33
1.85
1.84
1.68
1
5.51
5.06
1.77
3.29
1.59
2.48
1.53
1.26
1.33
1.04
2.07
1.2
1.1
1.05
2.03
1.64
1.07
1.02
1
2.01
1.48
7.95
3.32
2.61
423.24
1.2
1.34
3.98
2.16
692.38
1.42
1.71
1.63
2.73
1.03
2.31
2.03
1.51
5.56
2.5
3.67
2.65
2.46
1.02
1.13
2.11
1
11.73
28.62
1.38
1.58
1.17
1.43
2.18
1.96
1.36
1
1.02
3.95
1.44
2.99
6.49
34.2
1.95
1.16
1.39
1.29
2.24
9.01
1
3.94
1.87
1.57
1.42
1.48
3.62
1.83
1.53
1.09
1.28
5.32
1.18
5.07
1.41
3.94
1.73
1.07
2.25
4.69
1.02
4.56
1.07
1.73
1.15
2.26
9.67
22.06
1.52
1.34
1.7
11.6
1.39
1.61
2.08
1.82
1.77
2.01
3.71
1.44
3.63
1.13
1.34
1.15
1
6.47
3.63
1.05
1
15.97
1.69
2.08
3.42
1.36
14.35
1.44
2.15
2.7
1.12
1.31
2.46
1.66
1.04
4.43
1.85
4.29
1.48
1.08
1
1.63
1.06
3.03
1.21
3.65
135.47
1.32
2.06
1.02
4.89
3.45
1.18
10.82
1.21
4.25
1.82
6.12
1.57
1.23
1.78
1.04
2.63
50.46
2.21
6.96
2.39
6.45
1
4.46
2.3
1.19
1.69
1.66
12.92
2.72
1.24
2.22
1.29
2.26
2.29
1.41
1.66
1.02
45.79
2.49
1.09
3.23
1
1.16
1.15
2.22
1.42
1.29
1.1
1.09
3.78
1.05
4.37
4.01
1.23
1.01
3.04
2.01
2.92
8.53
1.18
2.34
1.62
2.07
1.53
2.88
1.07
2.02
1.19
2.24
1.15
2.39
1.34
106.5
1.51
1.51
1.54
1.01
1.35
18.42
3.16
1
2.51
4.55
2.23
3.53
8.51
3.13
1.71
1.04
85.06
2.39
6.08
4.68
2.35
1.85
1.32
1.12
2.44
1.09
1.43
1.61
2.84
1.11
2.18
1.16
3.9
52.23
1
2.67
1.03
2.21
1.32
1.55
2.5
1
1.16
1.74
1.57
2
1.62
1.62
1.64
2.1
1.44
77.81
1.8
48.28
1.09
17.22
2.45
1
4.52
1.78
2.07
2.05
1.66
4
4.23
1.86
1.03
3.88
21.58
1.56
1.2
10.11
3.06
6.55
24.96
32.82
14.09
1.73
1.22
1
1.44
1
1.51
75.19
1.82
4.02
1.95
1
1.79
1.15
8
1.61
1.08
1.33
2.65
1.54
1.14
1.5
1.31
1.16
4.81
2.02
3.87
2.05
1
1.13
1.56
1.02
1.3
3.71
1.4
2.22
1.37
2.51
217.03
1.1
1.17
1.75
1.33
1.01
1.06
1.16
1.01
10.79
1.73
2.79
41.44
4.92
3.96
1.66
3.09
1.23
2.65
6.21
4.37
9.16
2.38
2.52
1.33
1.23
1.53
1.74
1.75
17.82
2.96
1
2.75
1.23
1.56
2.07
1.3
2.62
4.27
14.57
1.89
5.06
1.4
6.52
1.93
1.09
1.61
3.51
1.26
2
1
1.03
1
6.08
1.05
2.79
1.39
5.5
2.22
1.49
1.92
1.06
1
1.69
1.95
7.93
2.96
1.53
1.16
28.12
1.63
1
1.28
1.48
1.1
2.38
1.05
3.56
5.14
9.23
1.81
2.53
2.6
19.49
3.55
1
1.73
2.73
3.2
2.17
1.91
1.2
1.28
11.68
1.1
2.79
1.87
1.08
26.43
5.05
3.34
2.38
1.04
1.11
56.86
1
7.25
3.08
1.64
2.77
1.91
27.74
1.66
1.26
1.57
8.12
1.48
10.18
1.88
1.68
8.32
1.58
1.78
1.1
1.22
6.71
1.14
1.87
2.57
1
1.11
1.75
1.54
1.32
1.01
11.12
5.22
3.8
1.34
4.14
9.84
1.31
1.07
3.37
2.66
1.04
1.55
143.97
2.29
4.38
1.33
3.46
1.09
2
1.26
1.07
1
1
3.14
1.75
3.08
32.02
3.21
1.86
4.97
21.86
1.59
1.02
4.99
1.47
1.5
1
257.41
1.68
1.12
9.99
9.73
4.22
14.4
2.09
7.22
1.07
1.42
1.23
1.58
1.23
2.41
14.92
3.78
3.1
1.36
2.72
1.53
7.01
2.19
1.2
1.15
3.45
2.05
1.17
1.19
1.06
1.14
1.75
1.1
4.25
2.02
1.86
1.33
1.1
3.66
1.6
16.82
29.58
1.48
7.98
1.47
4.64
1.53
1.07
1.28
1.34
58.21
1.56
1.39
1.71
66.8
1.25
2.3
4.52
1.12
2.08
3.16
5.97
5.03
1.13
2.97
1
2.41
2.31
23.15
4.67
1.82
1.4
1.08
4.6
1.26
1.54
1.04
1
6.83
1.3
2.25
2.16
2.32
1.09
3.31
1.21
1.06
1.37
44.7
1.17
7.11
1
2.11
1.2
3.57
395.76
1.91
1
1.02
11.57
1.94
4.41
2.22
4.27
3.34
1.24
1.05
4.11
1.71
1.58
7.04
2.1
1.02
1.46
2.39
2.45
32.66
1.35
2.59
2.11
1.36
1.47
26.67
1.52
32.73
1.59
3.21
4.87
1.11
4.43
2.34
1.07
7.8
1.62
1.11
1.2
1.72
2.25
1.67
1.22
4.35
1.07
3.37
2.18
1.32
1.46
1.47
27.64
2.52
6.37
91.97
1.48
1.29
2.02
1.26
2.09
1.42
64.97
1.3
1.96
1.17
5.48
2.21
1.02
1.09
1.03
1.27
6.17
1.37
3.5
3.25
1.05
1.71
4.94
1.48
3.39
1.1
4.5
22.18
7.7
2.16
1.38
1.73
2.79
16.09
1.73
2.55
3.29
1.78
2.62
1.24
1.11
2.94
1.12
4.01
2.81
3.92
12.56
10.26
6.14
4.52
2.91
11.3
1.29
1
1
1
200.71
1.57
1.27
1.34
1.73
3.2
4.14
2.54
1.51
2.75
1.06
1.85
1.1
1.09
2.44
1.2
1.53
1.41
1.87
6.12
1.22
1.04
1.1
1.1
1.49
6.32
2.19
4.12
1.16
2.02
1
3.12
4.45
3.66
1.27
1
1.72
1.1
1.2
6.35
1.05
1.2
1.72
3.49
2.13
2.01
1.56
7.05
1.72
1.69
4.1
1.31
1.03
14.79
3.12
2.35
1.05
4.04
1.24
1.8
3.34
1.22
1.02
6.02
2.31
1.05
1.03
2.23
31.26
1.24
1.33
5.71
2.35
4.8
1.58
1.49
2.68
1.89
1.08
1.03
6.05
1.31
1.46
2.63
5.47
3.25
5.57
2.5
25.36
1.23
4.07
1.51
5.8
1.16
3.98
2.96
2.83
48.58
9.73
18.42
13.1
476.35
1.21
1.95
1.63
1.06
1.11
1.52
1
2.32
1.68
2.83
1.1
1.5
3.37
1.15
1.54
4.76
9.73
1.99
5.14
9.48
1.11
1.02
2.55
1.34
1.83
1.25
1.01
8.14
3.4
1
11.02
2.28
1.12
1.02
9363.41
4.59
1.22
1.3
10.16
3.45
2.26
5.8
3.17
1.04
5.1
2.14
1.53
2.54
2.2
1.99
2.05
1.99
1.05
1.67
3.45
1
4.05
4.33
2.01
4.05
1.11
2.27
2.72
5.82
1.39
7.21
2.63
2.1
1.19
1.26
1.14
1.68
4.88
2.75
7.37
2.54
2.89
1.39
4.7
2.05
11.9
4.9
1.14
8.17
4.65
17.87
1.55
1.02
3.19
1
7.43
1.24
1
1.85
1.09
1.35
1.61
1.26
1.37
1.27
1.32
7.3
2.06
3.38
1.55
3.28
2.96
1.05
3.28
4.83
1.03
5.51
1.29
1.17
7.51
2.94
1.38
1.11
1.14
1.19
1.4
4.07
1
1.06
3.34
17.59
1.94
1
4.46
2.38
2.27
1.32
1.69
3.13
4.88
1.14
1.95
1.48
7.84
1.79
4.26
1.5
1.62
11.8
3.09
2.08
2.92
4.13
1.03
1.34
1.06
5.8
1.32
1.58
1.48
1.33
1.87
3.39
1.18
1.4
1.03
1.42
2.03
1.87
8.66
1.37
99.83
1
17.2
2.25
1.12
1.1
1.77
1.2
1.86
1.17
1
1.22
1.77
2.32
11.64
2.7
17.1
180.63
1.26
1.07
1.67
1
1.48
3.35
1.88
1
1.08
12.66
6.94
1.78
1.04
3.5
16.36
2.51
1.8
6.95
2.23
16.63
1.21
36.94
63.61
1.27
1
1.28
1.49
1.27
1.58
1.35
1.08
1.37
1.28
1.5
2.54
11.24
1.09
2.36
5.01
1
1.18
1.95
1.82
1.63
1.81
4.88
1.55
1.28
1.3
1.2
1.08
2.3
16.42
1.01
1.31
3.16
4.44
1.72
3.49
1.83
2.11
3.82
1.07
2.36
2.06
1.32
1.29
1.06
1.14
1.06
1.04
1.12
2.96
5.36
2.21
1.62
2.11
2.27
1.56
1.26
19.17
2.29
7.25
1.64
2.26
6.83
6.31
2.4
2.27
1
1
3.87
1.28
1.41
1.48
6.99
1.54
1.57
1.77
3.19
4.36
3.45
1.56
1.2
1.04
1.59
1.35
3.1
2.51
1.03
1.82
6.13
1
1.38
3.11
1
4.14
3.77
1.39
5.34
5.71
1.49
1.07
1.05
1.34
12.56
2.58
22.99
4.39
1.58
1.47
5.24
1.81
23.19
2.67
1.58
1.07
1.68
1.1
8.4
2.32
1.23
1.32
1.34
2.68
3.83
2.82
1.54
5.38
1.27
1.2
1.35
2.95
8.18
1.05
1.03
2.44
3.45
1.27
1.61
1.64
1
1.64
11.09
2.86
1.52
1.06
3.97
1.01
1.72
3.35
6.51
7.5
1.89
1.51
1.88
1.66
1.02
1.24
1.74
1
3.46
2.11
4.52
2.49
1.73
1.33
1.09
2.66
9.39
5.91
1.3
1.51
2.36
22.44
1
94.68
5.19
4.57
1.63
6.21
1.44
1
1
1.18
10.79
8.06
44.43
2.68
4.7
1.28
1.24
2.32
13.39
1
2.26
1.36
1.13
1.66
3.73
1.68
1.36
1.76
1.11
6.09
5.4
6.05
1.3
1.24
2
1.64
1
3
1.13
29.75
1.01
3.24
2.21
1.94
2.94
4.56
10.71
1.85
32.31
1.71
2.51
1.31
4.84
1.17
45.66
1.17
1.54
7.6
2.93
136.93
1
1.34
2.4
1.54
1.06
1.07
2.51
1.77
2.31
3.86
2.13
5.3
1.44
2.01
1.1
1.58
1
1.09
13.5
1.92
6.35
2.03
1.04
1.8
1.16
1.4
7.58
2.19
1.38
1.05
1.04
1.1
1
1.1
3.62
2.51
9.21
5.92
1.03
1.86
3.32
2.07
1.72
1.72
2.26
1.65
2.74
4.33
1.89
2.21
1.54
1.48
2.11
42.43
12.03
1.91
5.11
5.66
1.93
3.82
1.04
10.01
48.26
1.1
4.41
13.08
1.69
2.54
2.56
10.68
3.27
1.29
1.09
1.5
28.85
1.01
1.54
1.48
1.46
38.38
1.81
2.26
6.22
1.35
118.68
3.45
74.26
1.39
8.83
68.37
1.74
3.44
13.64
1.31
4.63
1.05
4.7
2.01
1.35
2.44
5.95
1.51
1.86
4.43
2.36
6.26
1.01
1.09
1.34
5.01
3.62
1.72
5.41
1.41
4.54
2.19
1.33
1.42
1.92
4.27
2.72
1.44
1
6.91
3.1
3.29
1.41
3.14
2.28
1.18
5.84
9.85
2.09
22.76
3.29
1.87
1.68
1.46
1.53
1.2
4.73
3.87
1.03
1.85
1.97
1.04
1.09
4.43
1.55
1.55
2.01
6.42
2.56
2.97
4.06
33.45
4.26
4.52
1.51
1.71
1.23
1.41
1
1.34
1.28
2.72
5.62
6.85
3.37
2.91
4.32
9.77
2.83
1.98
98.74
9.1
2.58
5.68
16.98
5061.77
1.49
1.06
1.88
2.8
3.33
1.64
6.33
1.32
1.5
2.55
7.43
5.03
1.62
9.54
6.7
18.6
3.44
1.27
4.91
1.41
5.54
1.05
1.22
5.74
4.38
5.09
5.03
3.72
2.17
1.64
3.2
1.13
1.39
5.8
4.64
1.17
1.53
1.56
1.26
1.77
1.66
3.58
13.46
2.77
4
1.44
1.07
1.22
2.08
20.07
4.36
1.57
1.25
2.3
1.45
1.27
1.08
3.13
1.07
1
10.83
1.45
1.68
2.14
1
1.04
1.12
2.62
12.76
3.14
3.34
2.46
1.55
1.17
1.09
2.22
1.3
1.66
7.31
1
1.03
1.04
1.24
2.36
1.45
2.09
20.35
1.29
1
1.39
1.99
5.05
2.01
5.92
2.31
1.97
2.38
2.38
2.2
1.12
1.59
10.09
1.41
27.56
1.11
2.73
4.61
1.67
11.03
1.64
1.77
1.51
1.62
1.4
2.02
8.34
1.66
1.85
1.02
1.49
3.1
1.04
1.26
1.97
15.05
3.49
16.54
13.87
2.7
1.42
5.21
1.06
4.52
1
1
5.5
1.03
5.93
2.03
4.82
3.5
2.16
1.78
2.07
1.17
1.5
1.99
2.6
1.01
1.45
3.46
3.83
1.15
12.16
6.6
5.45
3.96
2.7
1.64
1.06
5.68
1.06
5.55
2.57
1.04
1.64
1.99
1.11
1.38
3.17
1.47
5.85
3.57
2.46
3.79
2.45
1.51
1.56
1.46
1.21
2.79
2.42
5.31
2.77
1.34
2.69
1.05
3.31
1.04
1.03
1
1.79
1.3
1.47
5.24
1.35
1.8
3.17
1.3
1.23
3.51
1.37
1.39
4.29
1.03
1.43
2.68
1
10.77
7.63
1.62
1.48
1.36
1.73
1.22
2.24
1.66
1.01
5.73
1.91
1.06
12.11
2.12
1.91
8.19
3.63
2.31
6.59
1.84
1.96
1
2.38
2.38
1.93
1.45
1.68
1
1.56
1.51
1.01
2.39
4.71
1.03
1.13
4.7
1.35
2.02
1.47
2.23
1.25
1.15
2.24
12.62
3.73
13.22
1.84
1
3.55
2.45
2.94
1.39
10.31
2.46
1.02
1.24
1.7
1.03
3.18
16.43
1.56
1
3.64
2.17
2.38
2.07
1.15
5.1
5.84
2.61
1.36
1.28
12.44
1.46
1.93
2.42
1.98
4.18
1.09
1.35
1.79
1.31
1.41
5.14
11.39
1.24
1.28
1.84
1
1.02
1.23
3.9
1.21
3.58
2.59
3.94
1.03
2.47
5.17
1.19
2.35
10.52
2.72
1.78
1.01
1.08
2.9
2.3
3.64
1.42
6.26
3.61
4.27
1.62
2.42
4.09
1.22
1.7
1.66
2.31
1.45
9.85
1.55
1.67
141.95
1.69
1.17
2.2
1.33
2.84
1.18
5.68
1.72
4.95
1.04
1.14
29.01
1
1.26
8.75
2.48
60.67
1.06
1.62
1.38
6.01
2.81
4.32
1.03
1.01
1.19
2.51
1.05
1.06
1.19
1.72
1
23.02
2.93
1.18
2.6
1.24
2.83
1.15
12.81
2.29
8.12
1.07
1.19
1.46
1.28
1.74
1.3
1.05
14.31
32.05
1.03
1.56
2.2
2.39
1.99
1.28
1.6
1.61
1.27
1.14
10.62
1.39
1.88
1
1.15
1.1
2.04
1.65
1.16
1.07
1.33
1.56
3.05
3
1.16
1.03
4.07
1.47
14.49
65.5
24.64
4.53
1.79
2.37
2.53
2.36
1.72
1
5.93
1.05
9.89
6.68
1.25
1.14
82.1
1.14
2.37
4.86
1.03
6.16
5.87
1.26
2.59
3.27
2.81
6.91
1.43
6.37
2.23
1.03
1.47
9.53
1
5.71
7.66
5.04
1.62
3.5
2.35
3.06
1.6
8.24
1.04
2.87
1.04
4.25
1.4
3.13
17.48
2.76
9.09
1.82
2.52
1.58
1.59
1.23
1
1.21
5.48
29.98
1.11
2.36
1.54
1.48
1.44
23.99
1.53
5.02
1.42
2.8
1
2.05
62.78
1.45
32.51
9.73
1.72
2.63
1.55
2.01
1.92
1.74
1.38
4.75
30.69
1.6
1.25
1
4.61
6.37
2.98
1.82
3.07
1.06
1.41
1.79
2
1.18
17.44
1.13
3.4
1.73
1.42
1.51
2.71
4.07
1.2
4.34
1.49
5.22
5.08
2.16
1
2.23
1.2
3.76
7.19
18.02
1.42
4.45
1.76
1.15
14.86
2.48
1.13
2.24
2.64
13.08
1.81
1.56
7.47
8.61
1.31
1.07
2.89
1.7
2.25
8.88
1.79
1.55
1.11
1.57
1.02
2.22
2.13
1.04
20.62
1
1.28
1.04
1.27
1.86
1.26
9.97
1.35
36.15
1.42
1.22
3.61
2.53
1
11.81
2.35
1.29
2.29
1.59
1.15
6.39
10.6
1.81
1.07
1.21
3.51
1.01
2.83
1.94
1.3
4.37
7.09
7.77
1.63
1.19
7.16
67.34
1.79
1.53
5.22
1.52
1.45
1.38
1.56
2.25
4.2
2.2
2.19
8.86
1
1
1.1
1
3.17
4.74
1.65
4.39
1.27
1.13
1.08
27.94
1
1.53
1.03
1.1
1
2.83
1.21
1
2.1
1.16
9.16
1.24
6.94
1.24
95.5
4.42
10
4.09
9.21
48.97
2.3
2.69
1.25
70.53
1.16
3.16
2.73
1.35
1.49
1.15
2.92
11.96
1
2.03
1.35
18.26
1.06
5.56
2.16
1
2.44
3.57
1.13
2.73
5.04
2.82
5.71
1.04
8.78
864.54
1.35
1.85
5.22
2.32
7.74
2.14
1.02
1.03
5.51
1.08
2.19
1.69
44.08
1
1.8
17.22
4.88
3.74
7.88
1.86
2.49
1.23
1.71
1.15
1.12
1.45
1.27
1.86
1.73
1
29.5
3.27
26.42
1.13
1.05
2.52
1.37
119.89
1.19
4.8
5.22
1.31
21.5
24.37
13.06
39.72
10.63
1.43
2.02
3.02
1.62
1.25
1.92
3.33
1.2
1.43
2.1
1.72
1.07
5.92
1.09
14.37
5.78
1.07
3.67
2.41
5.33
1.82
1.1
6.89
1.45
1.18
12.08
2.04
62.11
1.09
2.62
1.06
3.86
1.41
2.58
31.72
5.23
3.31
1.3
1.37
1.62
2.21
2.75
1.1
1.07
1.27
1.56
2
2.2
1.08
3.46
1.46
2.01
3.69
1.3
1.9
13.04
5.46
1.24
1.25
1.39
2.96
1.47
1
1
20.46
6.75
3.88
1.06
2.19
4.07
2.65
4.14
4.87
1
1.78
1.43
3.87
1.28
1.27
4.43
1.64
9.65
1.31
26.91
1.4
1.4
2.16
20.73
4.07
3.22
2.41
4.78
2
1.56
172.55
1.19
2.16
4.32
1.59
2.25
2.28
4
3.4
1.09
1.36
6.45
1.76
4.39
5.07
1.2
1.81
1.34
1.25
1.7
2.76
3.43
3.25
1.25
1.25
12.36
1.09
2.13
8
1.93
1.51
5.92
1.31
3.16
1.13
1.97
1.14
5.09
5.05
1.68
4.16
2.05
1
4.48
1.08
3.51
1.02
3.72
1.3
1.05
1.71
14.85
2.45
1.04
1.79
6.76
1.29
3.62
1.19
7.39
6.1
2.08
2.83
1.15
25.82
1.23
1.76
1.23
1.02
1
3.95
2.33
2.72
1.48
1.17
1.3
3.34
20.24
2.13
11.41
4.13
1.08
1
1.1
1
22.48
1
17.38
1.28
2.61
4.23
1.15
7.86
5.46
1.92
2.54
1.52
1.42
1.97
1.86
434.72
5.73
2.35
3.38
84.38
5.83
2.11
1.01
1.68
1.46
5.28
1.26
12.06
3.37
1.72
2.53
6.06
1.03
13.52
1.49
1.62
1.09
1.5
1.39
14.1
1.83
2.17
1.78
4.42
1.33
1.73
1
1
9.52
1.22
2.58
5.28
2.87
1.36
1.08
1.5
10.99
3.42
1.22
1.49
3.12
1.12
3.44
1.23
2.06
1.72
7.95
5.08
2.28
1.86
1.55
2.96
2.48
2.04
1
1.17
1.07
1.12
33.95
1.82
1.09
1
1.98
1.32
2.45
1.47
14.69
1.11
1.1
2.38
1.2
7.56
3.71
1.3
1.02
1.03
2.87
1.6
1.36
1.35
5.95
9.61
3.9
7.69
2.32
3.45
1.04
7.2
1.06
2.36
6.12
2.37
39.58
1.9
1.03
6.23
1.15
5.4
1.19
1.55
2.08
2.34
1.45
1.23
3.29
1.01
1.06
1
1.23
1.23
1.03
1.01
1.1
2.04
2.28
2.73
1
1.23
2.56
6.3
3.22
5.93
1.6
1.07
10.44
1.53
2.05
5.21
1.12
1.59
1.49
1.81
1.48
15.39
1.63
1.31
1.02
5.24
1.14
1.49
1.03
1.01
1.02
3.07
10.81
1
2.57
1.52
1.06
2.55
5.64
1.86
1.3
1.26
2.07
3.27
2.23
2.38
1.42
3.12
2.28
7.51
1.32
1.22
1.98
6.09
1.95
2.04
1.19
1.07
1.32
2.44
4.12
1.24
3.16
4.67
2.28
31.73
1.16
1.76
2.38
3.08
2.73
2.93
1.58
1
2.94
3.21
2.17
10.57
3.41
4.5
1.09
1.17
26.48
4.93
13.11
1.63
2.18
1.07
6.37
1.17
17.08
3
2.98
4.73
1.12
3.42
1.39
3.14
1.06
1.14
4.09
1.27
2.77
8.46
3.47
7.2
2.7
1.19
7.86
1.34
1.07
2.3
1.22
3.56
3.94
1.03
11.44
1.33
4.33
1.4
7.06
1.06
15.74
3.05
1.07
1.87
2.95
60.99
1.12
4.28
1.68
2.59
33.76
7.69
16.19
70.01
2.37
1.16
1
5.21
1.16
3.25
2.96
2.62
1.67
1.68
2.05
2.21
24.05
5.05
1.82
1.65
1.08
1.78
2.34
1.14
7.95
2.54
1.76
1.96
10.8
3.15
1.02
19.74
5.51
1.08
12.21
11.06
3.66
2.21
5.22
3.01
340.95
1.24
3.35
1.76
2.46
3.41
1
3.98
1.07
3.45
4.86
1.02
1.15
1
1.1
1.06
1.68
1.47
2.77
3.65
1.49
18.43
1
2.55
1.59
2.13
1.42
1.67
1.02
1.6
1.07
1.15
1.08
1.06
1.41
1.41
1.07
1.21
3.81
1.45
2.03
2.2
1.5
3.3
3.72
1.01
2.55
1.7
8.09
1.01
62.18
3.05
1.13
3.38
2.85
1.02
1.17
1.1
1.35
1.52
5.49
6.05
1.86
2.82
9.65
1.39
1.14
4.44
2.62
1.36
1.2
1.68
1.47
1.11
127.05
3.45
6.26
1.99
2.69
1.07
1.37
1.37
1
1.08
1.24
1.39
3.73
4.99
1.39
1
1.75
1.54
7.98
1.95
1.14
5.87
1.29
1.52
1.67
1
313.21
1.87
2.15
6.48
1.39
1.48
1.42
2.28
1.49
1.06
1.15
2.62
1.2
39.62
1.23
3.81
4.43
1.71
7.23
2.98
1.12
2.4
1.63
11.07
1.53
1.21
1.31
1
9.53
1
1.6
2.17
2.13
5.47
1.07
1.09
1.1
2.76
1.74
4.54
2.13
1.61
2.33
1.59
2.45
2.49
4.98
1.67
16.91
3.42
1.61
1.88
1.26
1.58
2.93
1.72
5.65
1
1.02
1.1
1
1.32
8.58
1.1
1.8
3.04
24.42
1.12
2.79
1.78
1.15
1.16
6.21
8.41
1
4.12
1.49
2.01
1
1.48
1.49
3.47
12.35
5.62
1.55
3.71
1.72
1.03
2.54
1.45
1.67
1.69
1.16
2.29
1.59
1.41
1.37
5.19
2.36
1.17
3.02
3.24
11.69
6.79
1.43
1.19
3.94
6.41
2.24
1.93
1.02
1.78
6.72
10.04
5.33
3.56
2.1
2.31
3.2
1.01
1.52
1.25
1.54
19.59
12.71
2.28
3.32
1.45
1.08
8.17
4.4
8.39
13.11
1.88
1.98
2.23
2.98
1.32
1.27
1.58
3.11
1.04
2.63
1.4
1.05
2.31
5.89
1
7.34
1.9
84.79
4.55
1.03
1.46
2.18
3.16
3.11
2.22
3.1
1.77
1.1
1.34
2.23
1.43
7.69
4.54
6.23
2.78
6.13
1
2.33
1.4
10.23
7.8
22.09
1.11
1.4
3.27
1.61
1.02
14.58
1.25
41.09
9.3
1.08
1.96
2.07
15.45
1.26
3.14
7.05
1.22
2.47
3.83
1
1.99
5.56
2.5
1.03
4.25
2.1
1.16
1.59
1.53
1.69
13.8
5.16
1.86
2.15
3.74
2.31
1.35
1.95
2.66
1.34
2.37
2.72
1.86
2.64
1
2.65
2.31
2.14
16.22
3.03
1.22
2.24
12.58
1.28
4.93
1.39
13.41
3.34
1.93
6.79
4.05
139.7
1.53
1.08
2.23
1.9
5.48
1.2
6.81
6.79
2.51
1.38
1.4
1.18
2.47
2.62
1.49
1.02
1.12
1.35
52.12
1.35
1.03
2.02
1.43
6.22
1.62
2.33
2.43
6.83
1.54
1.92
1.39
1.59
1.05
2.21
30.7
10.04
1.26
1.09
1.26
4.19
2.86
3.7
4.42
103.77
7.45
1.02
1.14
31.5
10.27
1.3
2.46
2.4
1.39
1.9
4.64
1.47
1
1.34
1
4.78
1.45
1.49
1.26
1.27
1.29
3.45
3.22
3.52
1.36
5.33
8.33
1.39
2.54
24.78
1.41
1.11
10.66
2.27
2.94
2.11
1.37
4.61
1.12
1.88
4.45
6.88
3.05
5.75
1.16
4.04
2.04
15.48
1.85
1.8
3.67
1.34
4.15
1.26
1.41
1.36
1
1.14
4.06
9.34
4.16
2.71
1.7
1.12
4.27
2.1
2
1.39
1
3.36
1.45
1
2.8
1.14
1.02
292.1
1.1
15.84
1.82
1.02
5.54
1.4
1.48
1.17
2.07
1.82
3.91
2.58
2.38
2.04
6.01
2.77
1.58
17.9
10.42
3.76
11.07
4.09
1.38
2.16
1.04
30.57
9.78
2.73
1.33
3.74
2.46
1.44
1.33
1.1
7.19
1.96
1.18
1.28
6.96
11.2
1.32
2.19
6.97
1.05
1.69
1.66
1
2.39
1.42
3.06
3.44
1.57
1.83
6.64
58.85
14.8
1.62
1.11
1.71
2.32
8.11
4.91
2.99
4.38
1.04
2.1
1.12
1.26
1.58
1.93
1.03
1.01
9.5
1.47
1.87
4.24
1.27
1
8.92
6.85
1.43
3.07
8.16
1.75
1.39
2.01
1.56
1.21
3.1
1.19
2.18
1.22
1.98
1.49
1.09
7.39
1.3
1.56
1
1.13
3.22
1.09
1.6
1.3
1.4
1.25
1.29
1.19
2.2
1.27
10.66
1.67
1.21
1.17
1
1.15
2.35
1.14
1.9
1.27
2.27
5.08
2.45
1.01
13.22
1.57
19.32
12.94
6.24
1.33
1.35
1
1.51
1.32
6.09
1.13
1.66
3.57
22.65
1.24
4.33
1.37
1.09
1.35
1
1
5.31
1.37
1.88
1
1.11
16.28
1.44
1.22
1.9
1.76
4.55
1.21
2.97
3.18
3.4
1.06
1
2.46
1.34
5.37
7.07
1
3.54
1.74
1.1
4.08
1.82
2.05
1.39
1.57
1.75
41.58
6.2
1.49
5.24
6.37
1.11
1.92
2.26
8.9
2.01
1.76
1.33
10.02
3.37
1.12
2.64
4.32
5.54
4.58
1.64
1.14
1
1.44
1.29
25.28
1
7.67
15.1
1.66
1
2.79
1
1.02
1.31
1.01
4.4
2.16
1
1.59
3.42
9.16
3.14
1
2.75
1.1
1.13
1.08
1.71
1.41
1.21
1.49
2.33
4.42
1.06
3.84
1.11
1.45
1.93
2.8
200.22
1.51
1.97
1.61
1.34
1.42
1.77
1.98
1.66
8.11
6.23
5.72
2.04
1.29
1.78
126.79
7.15
1.83
1.04
3.11
5.23
1
1.11
1.44
1.17
3.41
1.7
2.58
1.8
1.46
1
1.08
3.5
1.63
1.05
1.61
1.64
1.41
5.79
12.33
3.48
4.5
5.6
4.19
2.29
1.49
1.74
4.66
1.49
1.32
3.28
1.24
1
2.22
1.2
1
13.87
1.67
3.36
1
1.11
3
2.94
1.21
1.27
1.14
24.28
9.55
1.28
4.74
1.14
4.36
10.7
1.17
3.58
1.11
1.02
3.73
28.42
1.13
1.52
3.65
1.53
1.46
1.11
1.04
2.15
1.36
2.28
1.47
2.9
1.09
4.31
3.82
3.83
4.66
1.32
1
17.34
1.07
4.18
1.2
16.55
1.61
1.22
1.39
2.05
1.43
6.36
1.66
1.46
1.06
6.17
16.11
1.57
2.17
1.53
2.87
125.19
1.05
1.49
15.29
1.49
6.3
1.05
6.5
2.06
1.53
1.5
3.44
1.03
3.13
5.51
3.72
15.75
24.69
1.25
1.44
1.23
2.56
1
6.08
1.83
1
1.36
2.19
2.65
5.53
1.16
18.02
1.09
4.09
7.86
8.42
4.24
1
3.9
2.72
5.49
3.32
8.23
1.13
10.1
1.2
2.02
5.61
3.35
2.24
1.1
4.79
1
3.9
1.45
2.36
1.5
1
2.83
1.43
2.16
1.25
22.97
1.99
7.02
1.31
1.79
1.18
29.37
8.63
3.16
2.4
1.38
13.81
1.54
13.09
1
1.07
2.69
15.65
12.31
2.6
2.16
12.75
1.7
13.81
2.01
1.41
1.5
2.06
22.12
2.58
1.37
1.01
3.47
1.47
2.08
1
21.33
3.16
2.2
1.35
3.68
5.88
1.32
3.71
1.97
1.95
1.12
1.22
1.51
1.68
1.27
1.05
2.34
1.4
1.13
1.03
2.67
1.5
1
4.74
1.52
19.25
2.07
1.14
1.69
1.02
7.21
2.67
9.77
1.42
9.06
2.29
9.42
1.24
9.63
70.93
1
1.29
17.67
1.34
3.6
5.29
1.36
4.14
2.97
3.24
1.37
1.15
7.24
1.62
15.02
1.36
1.13
8.86
1
5.18
9.21
1.69
4.63
7.35
1.48
3.17
1.27
1.32
1.4
1.86
1
1.02
2.27
1.68
1.16
6.51
2.78
1.5
1.66
3.85
4.32
1.29
1.44
1.11
1.46
3.89
1
1.85
3.84
53.21
1.58
10.8
1.65
1.35
3.05
1.05
100.29
1.13
8.73
1.11
2.43
1.31
2.07
1.37
1
8.12
1.27
5.78
1.12
1.15
1.18
1.15
1.17
1.82
1.18
3.33
1.63
1.93
7.11
2.39
1.56
164.2
6.77
2.05
1.49
16.91
28.37
7.36
8.99
1.99
2.34
1.36
1.44
2.1
1.62
1.24
1.04
1.6
1.79
1.04
66.12
3.62
1.39
2.15
18.72
1.45
1
11.63
8.2
2.92
1.91
1.09
7.97
1.08
1.32
1
8.35
1.56
1.43
5.83
2.13
1.08
1
1.27
23.97
3.55
1.01
1.45
2.48
3.58
3.32
1.54
1.12
1.6
2.06
3.14
2.5
1.97
2.89
2.26
1.59
2.44
1.89
21.2
3.28
7.36
1.26
4.26
1.92
1.89
6.14
2.35
2.18
2.34
1.95
1.11
1.03
3.56
2.18
1.52
1.03
2.47
1.41
3.39
1.11
1.49
5.24
3.29
1.19
3.53
1.03
1.36
3.8
1.11
1.12
1.28
1.93
1.44
11.99
3.16
1.04
1.02
1.23
1.6
4.08
4.68
2.07
2.57
1
1
1.8
4.14
1.13
2.95
3.66
2
2.41
36.44
1.71
1
3.05
1.87
54.28
1
1.02
1.83
4.86
1.84
1
5.72
1.11
3.06
1.04
1.38
2
4.21
2.62
1
2.61
2.69
1
34.22
1.47
2
4.69
1.55
1.31
4.25
3.26
24.47
6.8
2.63
1
1.18
7.7
2.02
1.11
3.55
4.38
1.04
1.18
1.31
1
4.21
2.78
1.2
1.37
6.15
1.32
1.08
1.17
3.41
1.24
1.16
21.36
3.51
112.83
2.61
2.1
233.49
1.63
1.85
1.29
1.68
2.9
3.21
1.68
1.36
1.35
1.71
3.59
1.24
33.32
3.02
3.9
1.1
1.53
6.4
3.87
1.42
1.32
1.6
2.24
1.66
2.28
1.04
5.6
1.33
1.17
1.12
3.09
1
3.85
1.18
1.12
3.86
4.16
13.8
2.17
1
6.52
3.23
2.03
3.43
1
1.38
1.21
1.31
1.43
1.01
4.24
1.85
2.56
3.66
1.17
3.68
1.33
15.87
3.27
1
2.72
12.4
1.13
1
4.21
4.65
18.5
11.17
1.65
1.89
1.07
1.68
1.14
3.74
1.56
1.02
4.37
1.21
1.39
1.1
4.65
2.52
2.62
1.31
1
2.86
1
8.48
1.22
1.1
1.05
1.28
1.17
1.82
1.5
7.37
1.98
1.72
1.47
1.11
36.52
5.38
3.19
9.49
1.65
3.3
3.16
1.76
2.42
2.89
20.03
1.07
10.11
11.27
1.32
1
6
1.43
1.55
1.72
2.13
1.22
1.16
7.59
2.39
1.51
4.61
6.14
3.98
1
3.94
1.37
1.5
3.5
1.32
2.63
3.48
1.7
1.34
2.32
2.49
2.24
1.41
5.24
3.18
1.47
14.32
3.99
2.21
1.27
2.37
1
1.06
2.88
1.62
2.4
1.06
1.3
1.4
2.33
1.3
6.89
2.53
1
1.14
1.13
6.76
4.41
1
1
3.08
1.31
1.21
1.31
5.29
8.02
2.33
5.4
1.05
1.53
2.52
2.48
23.18
5.27
1.34
1.09
6.51
3.82
1.23
3.84
1.39
8.02
1.16
2.61
1
1.56
40.78
1.04
2.4
1.01
1
2.95
28.48
40.52
2.18
3.14
1.78
6.86
1.85
8.34
1.45
1.32
2.57
53.34
1.13
1.43
4.32
9.72
3.66
2.08
3.01
1.24
2.42
2.54
1.73
1
1
1.2
3.66
1.03
2.75
1.18
3.46
1.02
1.17
1
1.84
4.07
1.06
1.08
2.54
18.92
1.25
1.84
1.71
1.23
1.09
2.11
1.95
1.05
1.14
1.4
2.49
1.21
1.32
3.77
1.75
2.16
1.42
1
1.03
3.44
6.6
1.82
5.8
54.59
147.92
2.39
1.85
1.79
17.79
2.16
3.57
15.9
1.02
1.11
1.99
1.1
1
1.53
2.06
1.89
3.61
1.4
2.56
4.99
12.89
1.77
2.46
1.47
1.53
26.82
1.25
5.44
1.68
1.12
1.4
5.16
3.76
4.21
1.61
1.81
1.03
14.83
2.36
3.25
97.18
2.31
2.34
173.86
5.23
23.49
70.16
2.35
1.84
2.15
1.97
1.24
1.1
1.42
1.16
1
1.43
1.02
2.15
1.7
4.97
1.08
6.13
1.18
4.83
1.98
3.4
1.02
1
1.63
1.12
6.01
1.75
3.85
4.31
12.32
2.55
1.84
1.06
1.05
1.67
1.18
1.55
6.51
1.35
1.73
1.71
3.1
1.66
28.59
1.24
1.29
13.88
4.44
1.22
2.79
16.13
1.89
1.5
1.01
1.83
3.68
1.8
19.89
3.59
1.17
1.94
7.19
1.01
1
1.14
3.68
4.35
1.14
2.31
2.58
1.77
7.65
1.15
3.77
1.91
1.33
3.65
16.41
1.09
2.21
2.01
2.67
1.42
1.84
19.88
1.63
2.25
1.34
1.23
3.91
3.06
1.18
1.78
1.67
1.05
1
7.25
3.94
1.35
1
1.25
7.26
1.41
1.05
3.32
1.07
121.02
2.66
1.7
2.03
1.87
1.19
2.14
1.47
1.39
4.06
20.94
2.58
5.4
5.94
1.16
11.29
1.28
1.27
10.66
1.08
2.67
1.27
2.99
1.21
8.3
1.04
2.17
1.66
1.69
1.34
1.01
1.8
1.15
1.17
3.52
1.13
1.88
1.91
6.47
1.22
11.8
1.3
33.21
2.55
2.05
2.2
1.22
9.36
43.48
5.91
1.46
1.22
7.42
1.29
1.72
1.38
1.09
12.95
1.11
1.09
1
1.2
5.08
1.56
1
1.62
2.31
4.79
1.29
2.31
4.06
4.24
6.38
4.47
1.17
2.3
32.2
1.08
1
3.25
1.25
1.94
6.02
1.11
3.72
1.29
1.17
1.68
1.1
3.33
1.46
1
18.16
18.58
1.59
2.38
1.65
1.68
1.49
4.27
1.25
1.31
1.67
1.13
1.81
1
4.35
1.08
4.79
5.66
1.36
1.1
978.34
60.03
1.24
2.02
4.19
1.06
1.38
1.83
1.91
1.45
1.03
28.85
1.77
3.51
6.15
8.02
2.38
2.92
1.98
1.22
1.04
3.21
2.24
12.12
5.3
1.11
5.39
2.44
4.14
1.24
45.61
1.31
1.17
6.49
3.53
1.55
1.38
4.52
1.04
4.81
26.96
1.86
2.19
2.57
1.33
1.26
2.89
10.21
3.28
1.59
1.91
2.94
3.17
1.02
1.27
1.01
1
1
1.34
4.37
4.12
1.03
1.47
1.24
1.07
1.13
3.06
2.58
5.5
3.2
7.09
2.25
5.5
1.05
1.36
1.11
15.09
1.17
1.71
1.18
5.94
1.26
4.56
1.33
9.13
4
2.29
1.52
1.1
1
1.43
3.61
11.93
8.85
3.47
4.3
1.65
1.54
7.77
2.06
1.64
3.15
1.64
1.16
1.74
1.37
1
1.48
2.97
1.68
1.92
3.83
1.61
2.45
2.01
4.35
9.49
14.39
14.07
14.08
10.2
1.11
1.48
2.41
1.71
11.38
7.37
1
3.2
2.65
1.19
1.05
56.21
4.6
1.95
9.51
53.04
4.28
4.78
11.32
1.28
1.02
1
1.47
4.81
8.31
1.01
1.29
2.13
6.05
5.53
7.81
1.26
3.55
1.84
1.64
1.35
1
1
8.85
1
10.23
10.54
1.64
1.25
1.05
1.48
1.13
238.28
1.26
1.02
1.57
1.02
1
1
3.68
2.12
1.03
3.49
1
5.52
146.93
1.17
1.32
2.95
1.31
5.55
40.94
1.53
1.24
1.33
4
1.92
1.94
5.59
10.24
1.05
1
4.24
1.65
1.23
1.09
5.81
1.23
1.07
1.14
2.45
9.39
4.97
2.63
1.41
1.02
1.26
11.03
1
1.65
1.52
3.02
1.53
2.09
13.41
1.53
1.4
2.23
4.23
1.48
1.02
1.21
1.44
14.21
1.74
2.97
1.81
4.12
23.36
1.24
1.75
1.45
1
1.26
2.18
1.17
1.85
1.83
1.45
1.05
9.44
4.5
1.8
1.54
1
1.48
2.63
5.03
1.29
16.94
1.31
1
1.26
1.66
4.92
1.95
1.21
2.89
2.58
1
1.05
1.52
1.1
1.84
1.55
1.08
1.51
6.11
1.18
26.56
6.3
2.76
1.12
5.6
1
1.54
26.56
1.35
1
2.35
2.23
2.24
1.09
2.86
1
7.6
1.97
2.47
1
2.06
1.05
1
1.01
10.01
1.48
1.04
1.35
5.7
3.69
1.3
3.73
1.77
17.06
4.13
2.18
1.54
1.17
8.53
3.14
1.9
3.79
1
1.51
1.94
5.39
2.07
1.12
10.64
9.91
1.64
2.1
1
12.04
2.53
1.27
17.12
1.39
1.1
1.1
2.22
3.11
3.05
1.25
2.14
1.24
5.29
1.39
1.21
1.59
1.27
1.13
3.15
1.07
1
10.35
4.11
3.23
2.14
2.68
3.19
1.97
6.49
3.47
1.02
1.03
1
1.1
1.68
16.86
1.93
2.05
7.79
1
3.19
5.32
1.79
1.39
22.91
1.1
2.56
6.58
1.6
2.05
2.2
1.47
4.21
6.01
1.19
2.28
1.64
1.71
3.49
1
1.89
8.56
1
11.96
2.63
1.5
19.05
2.06
1.14
3.29
1.1
1.08
10.52
1.28
1.1
11.58
5.91
1.12
6.74
1.7
2.06
1.05
1.47
4.14
1.75
21.36
1.04
1.71
1.81
6.67
1.09
4.22
10.21
1
4.49
2.54
3.17
1.73
1.07
1
2.26
1.34
3.09
1.04
10.29
2.37
6.1
6.06
1.13
12
3.53
5.38
1
4.75
1.37
1.3
5.9
1.46
2.72
4.27
2.12
1.74
2.81
8.11
1.03
1.04
1.24
8.86
1.48
1.31
1
2.71
1.44
1.06
2.09
1.19
1.02
1.06
2.2
5.84
1.25
1.18
1
1.19
25.75
1.47
1.97
1.01
1.42
3.77
1.06
4.62
1.21
1.01
2.11
1.56
1.78
1.08
9.48
1.08
2.2
112
4.65
1.63
5.38
1.24
1.16
1
1
1.13
1
1.41
6.75
1.75
1.1
1.87
1
3.38
1
4.27
1.04
1.73
1.3
2.05
1.6
1.2
2.61
4.48
2.72
1.02
3.29
1.38
1.33
7.51
1.58
1.87
5.49
1.79
1.36
11.19
1.53
2.35
1.93
1.53
1.61
8.15
8.94
2.4
2.97
1.63
1.36
2.71
6.81
1.36
2.03
1.18
2.1
1.74
2.24
18.73
1.15
2.97
3.45
6.18
1.03
7.26
10.19
1.24
1
4.03
1.14
1.18
4.22
1.39
30.71
1.2
3.2
1.23
1.95
6.23
3.06
2.79
24.12
2.14
2.02
53.85
1.21
2.81
7.24
6.73
1
1.52
51.88
4.91
1.35
3.84
1.06
1.13
9.38
4.45
3.79
3.34
2.84
2.9
4.08
1.46
1.86
2.24
3.69
4.65
68.15
1.27
1
4.87
2.07
8.26
1.46
1.38
2.47
1.24
1.26
1.07
4.37
3.34
6.92
20.01
1
12.98
1.28
1.41
1.1
1.03
3.63
1.18
18.39
4.03
1.05
3.21
2.71
1.37
2.95
2.55
2.82
2.11
42.48
20.78
1.96
5.05
7.42
1.55
4.11
1.25
4.59
1.95
2.95
1.41
1.78
1.17
1
4.72
1.91
9.46
1.35
2.32
1.79
9.41
2.48
104.35
8.71
1.53
3.04
34.05
3.25
1.13
8.1
6.08
1.74
1.67
3.18
3.81
1
1.11
4.55
1
4.33
5.53
2.47
4.88
1.63
12.86
1.15
140.96
1.7
4.23
5.77
3.03
1.67
1.23
1.52
1.15
1.7
3.24
3.56
1.05
2.35
2.41
1
2.33
11.21
12.58
6.86
6.64
4.88
6.62
1.27
1.17
1.53
1
1.17
7.34
1.57
3.89
2.09
1.13
3.5
1.85
1.88
6.95
5
7.89
1.15
1.72
1.8
1.12
2.52
1
5.83
11.75
1.48
4.18
1.34
2.08
1.23
1.54
1.03
5.02
10.5
1.14
1.46
1.18
1.43
2.31
1.94
1.05
1.05
1.16
1.49
1.04
1
4.62
1.07
1
1
2.02
231.8
2.05
1.82
1.38
1
3.26
2.01
1
1.32
1
3.45
1.61
3.47
1
1.04
1.01
1.22
2.13
2.28
1.69
1.1
1.15
3.73
1
7.03
1.9
1.36
1.79
2044.23
2.58
1.04
4
1.26
1.47
1.02
1.57
1.73
2.08
10.47
1.66
1.33
1.56
1.95
4.87
2.23
1.07
190.44
1.22
2.09
1.01
2.19
1.11
1.03
1.45
14.53
1.45
1.63
17.76
1.76
16.24
1.15
7.26
1.4
29.32
66.5
2.04
1
2.04
3.8
1.82
3.73
1
1.03
1.36
1.55
2.09
1.19
1
3.18
2.96
2.46
1.48
1.32
58.12
1.59
15.85
5.91
1.45
1.11
1.33
1.22
1.5
6.61
4.27
2.53
2.74
1.44
2.11
1.08
2.76
1.93
1.85
37.52
1.02
1.84
61.16
6.65
1.36
1
23.92
1
1.6
4.98
4.42
18.38
2
32.13
1.3
3.61
2.54
2.56
1
1.77
7.03
2.19
1.75
2.51
3.57
1.69
1.91
8.88
1.3
2.17
1.28
1.21
1.19
3.96
1.09
8.84
10.58
2.77
1.52
2.98
1.43
1.71
1.13
9.29
2.44
2.55
1.14
1.28
3.68
4
4.04
53.22
3.96
4.99
1.98
1.35
1.62
2.14
1.06
4.16
1.37
3.55
1.56
6.12
1.26
1
1.11
3.57
4.88
1.62
1.41
1.4
2.36
7.09
3.57
3.79
1.26
1.6
9.35
1.03
2.37
1.22
3.24
11.41
1.03
6.75
1
2.37
3.05
3.04
2.75
1.45
4.45
9.11
1.44
4.43
6.22
1.12
1
9.85
1
1.4
1.54
4.43
2.58
3.12
3.57
1.2
4.52
3.93
1.57
2.15
1.8
1.71
5.89
1.12
1.88
31.63
31.93
1.07
1
5.86
1.03
1.38
1.89
3.03
7.85
1.55
1.12
2.1
1
2.44
2.21
1.8
1.01
1.5
1.67
41.21
3.64
7.34
1.43
1.49
4.72
1.06
4.09
3.25
1.96
1.01
1.53
1
2.37
1.99
1.79
2.42
1.02
4.7
1.74
2.62
1.35
2045.73
1.48
25.63
5.09
1.29
5.04
2.8
3.14
1.79
1.17
1.02
2.68
2.68
1
1.17
1
1.49
1.4
1
1.32
3.31
4.54
6.39
1.15
1.65
3.5
3.74
4.93
6.61
1
2.1
1
1
1.16
4.11
1
6.03
9.96
1.33
2.64
1.75
1.05
1.74
3.14
1.32
1.3
2.81
1.27
14.24
4.1
6.81
1.77
1.18
1.74
1.69
1.89
1.86
1
4.13
5.96
1
1.85
2.58
1.15
7.06
13.14
4
2.03
1.69
6.58
1.5
2.86
1.03
7.33
1.62
3.06
2.84
1.12
1
1.84
3.94
1.06
1.98
1.35
1
1.07
3.76
2.26
45.34
2.1
2.36
1.8
2.9
2
1.53
1.28
1.03
2.08
1
3.7
3.2
1.91
1.8
2.1
17.37
1.27
1.22
1.19
1.56
1.36
1.03
4.8
2.07
1.08
1.03
1.63
1.35
1.33
1.26
16.74
1.71
1.58
5.18
2.35
1.35
6.74
8.69
1.39
2.01
3.33
3.78
13.98
1.52
1.12
2.27
9.7
9.17
1.06
6.27
2.11
2.89
18.26
3.29
6.21
1.69
1.02
1.99
1.39
3.38
1.14
1.29
1.54
10.88
4.91
1.41
1.6
1.42
1.8
1.38
1.5
1.39
1.97
1.08
1.1
3.27
14.36
1.36
1.34
15.13
1.64
2.78
6.01
2.67
3.44
5.83
11.19
8.62
1.34
9.13
5.86
2.66
1.9
1.12
3.62
1.73
1
4.87
1.39
2.05
24.11
1.24
17.21
1.36
1.12
5.49
1.29
3.09
2.47
3.57
1.94
1.19
4.81
1.79
1.45
1.01
162.68
1.04
2.62
4.31
2.18
1.14
1.94
1.18
1.31
1.74
2.08
7.89
3.14
10.31
1
1.59
1.33
2.74
1.82
2.88
1.14
4.48
3.43
2.43
1.42
1.2
3.04
3.91
1.07
1.75
1
1
1.25
585.12
2.95
1.61
1.75
1.17
1.03
1.92
1.64
1.23
1.23
1.18
40.26
1.12
32.59
1.29
3.59
1.28
1.46
3.51
3.8
1.48
1.46
3.97
982.57
1.46
1.07
2.08
1.48
1.87
1.07
1.78
4.48
1.2
2.15
4.37
1.12
2.32
3.27
1.05
1.52
5.98
2.06
1.05
1.89
1.94
1.19
1.74
1.64
1.98
1.7
1.23
2.62
1.26
9.59
1.45
1.12
1.95
24.24
1.01
1.36
1.18
20.18
3.21
1
1.54
1.5
1.13
1.24
2.43
1.68
2.69
2.49
7.13
1.07
19.44
4.91
2.04
3.73
2.31
1
2.18
1.12
1.63
3.01
1.86
2.71
1.43
1.31
6.35
3.96
1.81
46.96
1.42
1.32
3.54
5.2
1.32
2.25
1.16
7.52
9.78
7.5
6.2
3.61
1.7
3.04
1.01
1.22
1.1
1.15
1.48
1
1.14
1.58
4.09
1.33
1.17
9.33
2.09
1.65
1.49
1
1.47
1.3
1.36
4.86
4.05
1.86
1.12
25.01
4.27
7.15
8.09
10.03
1.04
1.16
2.82
1.18
1.92
1.17
3.3
1.32
8.77
2.06
1.32
1.19
129.36
1.24
2.6
2.86
13.14
4.02
1.27
2.48
2.99
4.04
1.92
5.88
5.24
1.88
8.1
1
1.02
1.2
1
3.07
1.12
4.23
1.02
2.11
6.15
3.16
2.27
8.61
3.89
1.85
11.62
1
1.26
4.6
1
1.29
13.78
2.7
1.46
1
33
1.62
2.52
1.03
4.36
2.61
6.3
5.12
1.72
5.71
40.38
3.63
2.26
2.28
17.18
1
1.85
4.78
8.76
1.14
7.09
1.78
1.11
1.33
1.37
1.14
1.3
1.15
158.69
39.18
2.96
2.02
2.85
1.02
1.13
131.68
1.89
1.26
3.11
1.18
3.17
2.81
33.78
1.67
2.88
1.56
1.38
2.19
1.43
1.97
1.21
79.08
2.54
1.8
1.25
5.88
8.93
1.29
1.97
1.15
1.83
16.37
1.3
1.11
1.13
2.43
2.59
1.18
2.39
1.91
2.98
1.44
1.57
1.11
3.49
1.02
59.49
5.72
1.6
8.94
1.07
2.36
2.54
1.62
1.44
1.79
1.08
2.21
1.34
4.99
1.13
31.37
1.29
1.42
1.28
17.42
1.1
1.17
3.9
18.37
37.02
1.77
2.21
4.5
75.98
6.43
2.62
3.23
9.09
3.12
2.04
2.66
6.1
3.6
6.64
1.4
1.16
1.97
1.55
1
1.26
1.79
3.52
1.21
1.08
2.3
3.17
1.42
7.21
3
2.65
2.83
1.42
1.96
1.27
1.06
1.33
29.74
3.09
1.77
2.26
69.75
8.62
1.51
1.48
2.1
2.85
1.85
4.56
2.2
3.94
1.34
4.35
1.17
1.43
1.89
1.34
1.44
1.4
1.55
1.03
4.09
2.68
3.47
1.78
1.03
1.13
1.78
1.48
2.95
4.72
1.06
1.12
1.81
2.07
1.03
3.72
1.78
1.09
56.87
1.03
1.3
1.08
17.65
1.04
1.58
3.27
3.56
4.32
1.07
4.11
2.56
1.06
1.56
5.63
3.43
1.06
13.6
1
54.68
3.59
5.82
1.2
1.96
2.3
8.23
1.25
2.88
1.07
1.26
1.16
9.75
1.21
1.31
6.1
5.49
4.02
1.66
1.98
1.38
6.48
2.23
13.24
2.88
1.72
6.28
1
1.69
2.81
2.37
1.09
1.28
1
6.46
1.89
2.12
1.26
1.65
1.28
2.12
1.05
14.19
9.2
2.05
1.24
1.8
16.34
1.43
2.9
1.37
1.4
1.15
4.64
10.14
2.16
9.74
1.06
3.37
3.24
1.09
2.43
10.68
43.57
1.64
1.85
5.01
1.89
2.12
3.45
3.01
3.29
1
10.11
2.78
1.63
1.04
1.02
1.12
1.31
1.21
12.53
1.95
1.95
5.36
1.11
1.03
1.85
1.03
2.38
1.88
4.15
1.07
2.15
9.02
1.86
1
1.94
4.96
2.22
4.66
1
1.06
1.41
2.05
3.14
2.34
14.36
1.53
1.63
1.12
3.56
1.23
2.13
74.12
2.44
1.71
1.44
2.42
1.25
1.04
1.48
1.27
1.18
1.36
28.8
1.16
1.09
1.76
3.74
1.6
1.36
1.51
1.4
1.28
1.36
1.11
2.63
1.85
2.18
11.31
4.56
3.29
4.34
2.25
20.65
1.04
1.03
1
1.96
2.41
2.1
1.96
2.81
1.67
1.04
1.67
1.3
1.28
1
2.66
1.48
1.48
2.55
1.07
11.38
1.64
3.86
1.96
2.28
1.58
1.57
1.09
5.26
1
1.3
13.74
1
1.13
6.9
4.94
2.95
1.48
5.03
5.29
1.13
1.43
9.3
42.45
2.06
1.75
4.27
1.08
4.73
1.65
6.95
1.09
2.2
6.35
2.23
2.4
3.32
1.02
7.73
6.28
55.43
1.11
8.6
3.23
3.74
4.02
1
4.47
1.66
1.56
4.02
35.4
1.34
3.81
1.47
1.15
1.03
1.44
7.02
1.09
1.38
2.82
2.41
3.2
1.68
1.19
1
3.14
3.79
1.02
1.02
1.34
2.47
1.33
2.49
2.84
1.23
2.75
1.22
2.27
8.32
1.12
1.98
3.58
1.72
1.05
1.07
2.62
1.42
1.08
5.01
4.54
1.1
1.85
1.32
3.62
1.26
1.28
1.35
1.83
8.52
2.84
1.18
1.15
1.68
1.18
1.89
1
2.28
1.44
1
1.16
1.38
1.89
3.6
1.45
1.15
6.38
53.48
2.82
1.21
2.46
9.75
3.3
1.52
1.36
1.07
1.36
2.91
6
1.27
21.71
2.66
3.84
1.55
1
1.51
1.25
2.97
2.14
1.68
2.12
2.26
1.85
2.12
1.03
1.41
3.09
4.81
5.52
1.11
26.44
4.84
2.19
2.84
1
1.27
2.65
9.81
1.46
1.78
2.34
1.04
3.18
2.05
2.39
13.99
4.02
1.07
2.5
2.3
1.06
15.22
1.53
2.42
9.6
1.43
21.54
3.51
2.45
1.16
1.4
2.02
1.42
65.97
1.25
2.18
1
1.35
4.68
2.07
112.03
5.06
1.02
1.02
1
3.99
5.44
12.91
13.67
17.24
7.08
1.84
1.06
1.09
1.1
1.97
1.48
4.42
2.23
15.46
2.15
1.35
1
1.61
1
1.16
2.63
7.06
1.05
1.05
2.44
1.44
1.2
17.87
3.14
1.39
1.95
47.76
2.33
1
3.51
1.68
22.81
3.63
1.95
2.3
1.09
1.4
2.16
2.13
1.74
1.13
128.19
8.41
1
1
1
1.58
2.92
1.96
3.99
1.78
1.34
1.42
6.85
1.14
2.95
1.33
1
13.01
1.22
4.36
2.32
4.41
1
1.61
1
1.81
11.12
2.05
6.41
1.33
1.09
1.11
1.11
69.98
1
1.02
101.46
1.47
372.79
1.01
1.14
1.76
1.31
4.83
6.75
2.06
1.23
2.34
2.6
1.29
1.45
3.48
1.96
1.2
8.06
2.62
59.5
1.14
2.87
6.42
1.12
1.33
1.38
2.95
1.41
5.14
2.14
2.2
2.09
1.32
21.26
2.9
2.2
7.93
1.04
2.45
1.24
6.53
1.8
1.73
4.71
2.25
1.24
2.08
3.13
9.57
1.44
1.27
5.55
2.94
11.93
1.24
1.18
1.64
1.53
3.65
2.01
1.35
1.22
1
1
14.34
11.29
1
2.93
3.29
1
4.92
4.45
3.18
1.74
4.87
43.44
1.38
1.35
1.36
1.67
1.39
1.66
1.26
1
1
5.51
1.18
3.77
1.78
1.39
154.81
8.63
2
1.34
1.55
2.15
2.29
1.64
10.28
1.74
1.36
1.21
1.07
4.84
1
3.64
1.64
15.05
4.35
19.54
4.29
6.97
1.43
2.43
2.74
1.03
1.15
5.61
12.2
1.72
2.39
1.26
7.56
2.11
72.77
5.65
1.54
8.84
1.08
2.42
1.43
1
2.69
1.93
1.03
2.18
1.25
1.95
2.7
2.16
1.77
1.28
1.2
1.49
1.31
10.13
1.01
1.05
1.83
17.82
5.64
1.71
1.79
1.27
1.28
1.4
2.72
1.75
1
1.99
3.23
14.82
2.84
2.16
1.51
1.52
1.77
8.72
1.5
1.09
3.93
10.87
1.46
1.27
1.24
3.64
1.47
6.37
1.3
1.54
2.25
1.17
2.58
1.23
1.95
1.67
4.83
2.71
1.58
1.61
57.59
2.27
1.72
1.57
14.85
5.96
1.19
6
1
8.27
1.7
2.53
1.41
7.44
6.67
1.42
1.09
6.14
105.98
1
2.01
2.28
1.83
86
2.89
173.87
1.68
1.07
2.84
1.02
1.48
1.42
1.99
1.67
35.93
9.47
2.34
2.43
4.65
1.72
1.01
2.31
1.19
13.57
9.13
23.7
1.02
6.28
6.42
1.2
2.81
3.64
8.75
21.57
1.1
1.26
1.14
1.74
1.54
1.03
4.06
2.78
1.67
2.17
1.1
1.03
8.84
1.03
1.39
6.82
1.55
2.77
1.01
2.24
1.13
2.68
12.74
1.12
1.09
1.54
1.24
2.96
3.08
321.88
1.21
1.57
4.88
5.08
1.22
2.15
1.99
1.12
1.3
1.06
1.93
3.08
2.21
4.74
8.12
1.4
1.42
4.06
1.91
38.33
2.05
1.32
9.03
1.16
1.11
5.74
1
1.25
1
1.03
1
1
3.1
1.07
19.41
1.47
1.77
1.5
3.97
1.93
2.39
37.88
1.9
2.37
1.94
1.22
1
4.14
9.22
1.44
12.79
1.24
1.26
1.1
2.02
2.94
1.37
1.51
1.81
7.4
4.02
8.24
1.08
1.15
1.49
16.26
1.32
1.32
1.22
4.26
1.43
2.4
1.81
1.07
1.44
1.51
1.27
2.04
3.71
1.12
1
1.35
2.85
1.26
2.11
3.04
228.07
2.61
1.18
4.15
3.44
1.04
2.95
1.05
1.21
2.55
1.18
1
1.76
1.22
7.55
1.01
1.22
10.34
5.69
1
1.18
1.71
1.97
1.81
9.33
2.22
1.38
1.27
2.18
1.59
1.44
2.74
3.51
2.82
5.88
1.57
2.98
5.5
1.47
1.06
1.49
3.85
1.39
5.82
15.58
1.17
1.58
1.28
31.14
1.41
4.73
8.2
2.55
3.02
1.65
1.56
1.4
3.48
1.76
18.7
11.28
3.36
1.72
1.4
1
1.27
2.24
1.55
5.51
1.4
1.17
1
1.72
3.85
1
1.06
1.33
96.29
1.18
7.71
1.96
1.98
1.15
3.15
2.15
2.63
1.49
4.81
2.56
8.84
1.25
1.15
1.4
1.2
7.05
1.91
1
1.86
5.67
1.82
5.02
1.1
2.84
5.17
1.12
1.14
2.28
1.96
5.11
1.75
1.87
1.37
3.54
1.36
1.15
1.32
1.61
1.15
1.79
2.22
5.99
6.3
2
1.34
2.32
2.88
2.89
2.47
2
3.61
2.01
1.86
1.34
1.21
1.07
1.1
1.06
1.53
2.04
1.67
1.31
2.82
2.53
1.17
4.05
3.88
1.12
2.3
3.53
2.27
1.56
1.94
1.25
16.88
2.76
2.14
32.51
1.46
1.45
1.82
1.5
2.28
1.18
1.76
1
1.01
1.44
4.95
1.41
1.36
2.39
3.45
1.93
1.16
155.95
3.82
2.46
1.49
1.26
84.12
6.14
12.43
5.71
2.78
5.3
1.27
8.68
6.89
1
1.67
1.08
2.59
1.38
3.26
1.12
5.98
4.98
1.19
1.55
1.38
10.78
2.86
1.5
5.89
1.13
2.51
1.75
27.5
1.15
2.08
2.19
2.46
1
6.37
59.11
4.83
3.14
3.45
11.31
3.48
2.44
1.09
1.29
3.31
4.08
1.12
1.02
2.12
1.5
5.52
7.19
7.18
2.52
12.35
1.29
1.65
7.77
1.45
2.34
1.26
5.04
1.27
1.46
1.98
75.83
4.59
1.35
1.09
1.14
1.4
1.03
4.06
18.69
4.01
1.03
1.4
3.35
28.89
1.55
6.48
1.39
15.56
5.66
1.05
1.22
5.62
3.66
1.97
1.13
1.19
1.18
2.18
10.03
1.8
4.22
1.91
16.64
1.05
1.23
5.65
7.06
1.24
1.97
2.21
1.18
3.34
5.2
2.74
7.4
1.03
1.12
2.02
1.17
1.32
1.35
2.23
1.19
2.06
2.42
1
1.68
606.77
1.48
4.19
3.32
2.14
1.7
2.73
11.16
1.08
3.84
1.96
46.52
9.81
1.6
2.25
1.53
4.5
2.3
1.26
8.94
1.5
1.46
2.54
1.63
4.24
3.84
1.15
1.55
1.02
1.44
6.91
6.09
3.55
3.62
2.62
1.3
1.23
1.01
3.13
8.04
2.34
1.1
1.01
2.99
1.88
8.2
1.87
7
3.96
4.2
1.02
2.51
1.02
1.24
1.14
2.81
3.91
1.37
1.04
2.93
1.4
1.96
1.32
2.33
1.36
1
4.13
8.66
3.6
2.53
2.66
1.28
1.42
1.47
1.32
1.25
1.04
1.6
5.04
1.89
1.17
1.71
2.45
1.1
1.28
3
1
1.36
9.11
2.07
1.39
1.2
1
1.94
7.19
3.34
1.32
2.44
1.63
1.15
3.75
4.77
1.18
1.14
1.34
3.84
1.05
2.67
1.18
4.88
192.84
6.34
4.59
1.36
102.64
1.12
4.19
1.2
1.12
1.09
2.75
7.72
97.74
3.18
1.73
3.9
5094.47
1.14
1.62
1.33
12.5
5.27
5.96
3.1
1.47
2.63
1.06
1.52
1.39
10.7
1.01
1.81
1.89
1.08
2.24
1.28
2.97
1.09
1.12
1.03
3.55
3.81
1.13
49.1
1.69
3.24
1.87
2.66
1.95
1.37
1.18
1.15
5.43
7.65
27.21
3.09
1.02
1.56
5.05
6.04
1.11
1.17
15.94
1.67
6.18
2.19
2.34
11.62
1.74
46.07
2.09
11.77
1.4
8.98
7.02
1.9
1.47
5.27
4.31
26.26
1.11
1.42
1
2.54
1.37
2.04
3.76
1
2.85
2.18
1.49
2.49
2.93
1.67
2.07
1.11
1.03
1.52
1.06
1.01
1.37
7.13
1.01
8.67
3.1
1.35
5.05
2.41
1.74
1.06
1.68
1.66
7.71
1.1
1.36
2.07
1.02
1.15
1.19
1.47
1
6.03
1.45
3.67
12.59
1.53
1.1
1.5
1.69
3.09
1.07
6.86
3.34
1.84
2.42
3.93
1.41
1.15
2.24
2.77
2.39
1.42
1.89
1.21
1.91
1
1.2
1.89
3.83
1.33
1.15
3.34
1.42
1.02
2.27
1
7.7
5.83
1.27
8.86
1.14
1.5
7.22
1.78
37.71
1.27
4.19
1.19
2.59
5.96
4.33
6.51
11.77
1.35
1.44
1.27
1.54
1.21
1.8
1.08
6.62
2.91
1
3.05
13.3
2.61
1.12
1.13
1.04
1.49
3.8
3.19
5.5
2.46
1.09
1.19
1.96
2.2
2.36
1.52
183.43
1.34
21.58
4.28
1.83
1.09
5.93
2.55
107.94
1.18
1.74
2.33
4.81
3.23
2.29
1.67
3.73
2.62
17.64
3.34
1.5
1.53
1.19
1.69
3.89
1.79
8.88
13.54
2.44
2.6
4.67
3.89
1.45
1.07
1.56
1.71
18.12
1.28
9.17
4.52
4.81
1
1.02
1.02
1.3
19.89
2
3.91
1.04
3.52
1.32
1.23
2.38
1.4
2.8
18.35
2.06
2.94
14.34
1.06
4.18
6.5
1.03
2.67
2.71
3.09
7.78
1.7
1.48
1.16
1.99
1
1.41
28.8
19.93
1.41
1.71
1.02
3.18
1.65
1
2.95
2.27
3.18
1.09
3.26
1.08
1.77
1.03
1.52
1.78
2.83
2.32
4.26
1.18
12.36
1.12
5.96
13.15
1.78
2.59
1.17
1.06
4.68
1.32
7.03
2.64
3
1
1.56
1.31
1.53
3.81
1.27
1.04
3.62
1.34
3.58
2.03
6.68
35.39
1.37
1.48
1.19
1.61
13.92
23.35
1
1.05
2.22
1.21
6.63
1.57
1.1
2.16
1.33
1.6
1.01
2.71
5.17
6.66
1
2.06
1.14
1.35
1
1.16
1.76
10.63
6.43
1.13
1.22
1.22
2.22
8.57
3.14
2.52
11.76
8.06
1.87
6.6
1.36
49.07
1.63
1
1.19
8.06
1.19
2.69
1
1.11
1
1.67
1.2
2.15
14.74
1.19
1.25
10.28
1.29
2.87
2.49
10.6
2.07
31.58
3.23
3.06
1.58
7
1.77
3.55
1.32
10.43
2.25
2.93
3.18
14.7
1.16
2.18
1.55
1.46
1.47
2.24
2.2
1.22
1.48
1.34
1.04
9.24
1.25
1
16.57
1.97
2.29
1
1.01
3.78
16.83
2.88
3.67
2.02
5.96
10.59
5.31
1.89
2.09
4.47
3.34
4.7
10.28
9.6
1.87
1.37
60.27
1.06
1
3.55
3.25
1.03
1.8
2.07
1.95
1
17.64
1.3
3.02
4.39
3.3
1.37
2.57
4.46
20.25
1.92
1.35
2.57
1
2.26
2.79
1
1.29
1.39
1.54
1.41
1.94
1.2
6.21
1.21
1.13
3.79
1.5
2.4
1.77
1.62
1.79
1.23
2.05
9.02
2.02
8.01
1.75
1.28
1.34
1.41
1.08
1
1.13
1.26
3.48
2.03
2.05
2.19
4.31
4.68
1.39
7.8
3.12
2.33
1.01
7.59
3.92
1.02
1.76
2.53
1.31
713.92
1
1.81
1.22
1.3
2.01
8.15
1.01
1.93
2
1.22
1.57
1.51
1.07
5.97
1.1
1.96
1.16
1.37
1.3
1.93
1.51
1.3
1.96
1.1
12.43
1.87
1.19
1.35
1.21
1.03
1.64
4.49
3.78
1
1.6
2.84
1.84
8.75
5.19
3.38
2.37
2.11
6.49
4.03
1.46
2.47
1.48
1.79
5.41
1
2.88
1.22
1.44
2.32
1.38
4.97
1.99
3.67
4.41
7.61
1.39
1.06
1.2
1.75
7.31
2.34
1.02
1.35
1
2.29
1.56
7.66
516.42
3.04
1
3.82
4.71
4.25
1.66
2.22
2.82
1.06
1.26
1.03
1.91
1.09
24.95
1
3.85
79.17
1.51
1.33
1.6
1.4
8.43
1.42
1.67
1
8.9
10.7
33.45
1
2.44
22.25
1.76
11.03
6.26
1.21
11.2
1.72
5.96
2.62
1.62
12.59
1.01
4.71
16.94
1.22
3.22
1.71
7.98
1.55
2.24
1.38
2.23
5.47
1.46
1.2
1.35
4.17
1.91
2.54
1.16
3.28
2.29
1.61
10.12
7.36
1.03
1.04
1
35.06
1.25
1.56
2.47
17.67
6.16
1
4.25
3.07
4.05
1.2
8.01
1.16
1.27
1.3
21.07
2.97
1.15
1.12
2.59
1
1.23
2.08
1.73
1.76
1.68
2.92
1.04
2.88
5.87
1.87
1.81
2.35
3.96
1.06
1.81
1.23
1.09
2.04
1.09
4.43
1.04
2.02
1.4
5.13
6.78
2.21
2.47
2.79
1.67
112.79
1.42
5.87
5.48
27.08
8.6
1.07
367.43
2.9
1
1.49
1.19
1.82
1.18
1.47
1.15
3.01
2
5.1
1.5
8.82
4.35
1.13
3.48
1.73
5.1
1
5.6
1.29
2.1
1.17
1.44
4.91
1.31
1.35
1.45
7.68
1.86
2.74
1
3.57
13.83
1.28
1
1.72
1.17
1.58
1.43
9.31
2.62
1.07
1.83
34.52
1.77
1.17
1.1
1.06
7.94
1.33
1.24
1.9
1.26
1
3.07
1.21
1.19
1.28
4.55
1.08
1.21
3.49
1.24
1.11
1.65
2.93
9.7
1.82
1.11
1.16
10.92
1.22
2.86
1.54
1.02
2.51
5.71
5.75
1.22
2.83
28.29
1.99
1.45
1
4.44
1.6
1.59
1.12
4.19
4.58
7.22
2.13
1.53
1.11
1.89
1.13
1.43
4.3
1.24
1.02
2.41
1.22
1
1.57
3.14
3.54
16.15
1.17
8.02
1.22
1.08
3.73
1.31
2.47
4.9
1
1.76
10.19
2.9
1.09
2.14
13.09
31.84
3.03
9.7
1.28
5.35
6.95
1
11.02
1.07
1.93
3.76
1.95
3.76
3.44
11.62
1.39
2.72
4.85
1.43
2.02
1.86
1.2
2.62
4.05
7.42
3.26
4.83
1.39
2.97
1.57
1.78
3.53
12.18
1.56
1
2.14
7.41
2.76
1.06
1.9
1.42
3.34
1.11
2.51
1.48
5.31
7.16
72.64
2.84
13.57
1.24
8.43
2.65
1.22
3.56
1.17
3.05
3.17
2.25
1.25
10.9
1.16
1.88
1.73
1.05
1
8.37
2.1
1.08
2.52
1.12
4.38
2.03
2.65
2.51
26.51
1
1.98
1.44
2.16
1.56
1.46
1.57
1.33
2.4
2.15
10.85
2.53
2.56
11.32
4.56
2.03
30.46
7.97
1
1.02
116.37
3.65
1.46
1.65
3.4
10.86
1.85
3.43
3.64
3.14
1.47
87.06
1.25
1.15
1.28
1.97
1.29
4.68
1.07
1.07
1.42
1.36
47.66
1.38
3.86
2.75
1.27
1.9
2.44
-1